-43.902444 171.747563 431.00 NZ.ADCS
-43.810910 172.963490 435.00 NZ.AKSS
-43.154678 172.730880 240.00 NZ.AMBC
-46.831806 167.988825 1500.00 NZ.APZ
-41.242077 174.944096 267.00 NZ.ARKS
-42.523958 171.407866 307.00 NZ.ARPS
-43.274410 172.595947 287.00 NZ.ASHS
-41.196166 174.932686 220.25 NZ.AVAB
-35.907775 173.906494 276.68 NZ.AWKZ
-46.249064 169.719373 549.00 NZ.BDCS
-40.679647 176.246245 750.00 NZ.BFZ
-39.165666 176.492544 730.00 NZ.BKZ
-41.191372 174.926030 1000.00 NZ.BMTS
-41.279193 174.776323 267.00 NZ.BOWS
-41.716620 173.875590 675.00 NZ.BSWZ
-41.389236 173.128513 500.00 NZ.BTWS
-43.481087 172.682370 203.00 NZ.BWHS
-41.439544 173.905118 679.00 NZ.BWRS
-43.483176 172.530015 435.00 NZ.CACS
-43.529257 172.619763 197.00 NZ.CBGS
-43.524868 172.584183 223.05 NZ.CBLB
-43.538085 172.647427 182.00 NZ.CCCC
-43.521005 172.583683 226.53 NZ.CCMB
-42.813491 173.274868 244.00 NZ.CECS
-43.523624 172.582626 223.05 NZ.CJHB
-41.749017 174.213825 800.00 NZ.CMWZ
-39.199914 175.542402 674.00 NZ.COVZ
-40.898735 176.220900 245.00 NZ.CPFS
-43.537115 172.643386 197.82 NZ.CPIB
-40.909800 176.201600 1000.00 NZ.CPWZ
-43.522010 172.582365 226.53 NZ.CPXB
-42.144570 173.815400 1000.00 NZ.CRSZ
-43.226527 171.723556 377.00 NZ.CSHS
-43.312291 172.381334 399.00 NZ.CSTC
-42.759438 172.802602 407.00 NZ.CULC
-44.383090 171.006100 1500.00 NZ.CVZ
-43.533574 172.624314 197.82 NZ.CWHB
-43.511980 172.673230 188.00 NZ.DALS
-41.205787 174.954360 300.00 NZ.DAVS
-45.874335 170.502156 600.00 NZ.DCDS
-45.464713 167.153533 1500.00 NZ.DCZ
-43.489675 172.102160 515.00 NZ.DFHS
-45.862565 170.513906 600.00 NZ.DGNS
-43.630260 172.727250 535.00 NZ.DHSS
-45.902226 170.492935 203.00 NZ.DKHS
-43.896765 172.093828 220.00 NZ.DORC
-43.667499 172.197920 500.00 NZ.DSLC
-41.744961 171.804614 579.00 NZ.DSZ
-45.905156 170.470645 500.00 NZ.DUNS
-40.801715 173.921645 622.00 NZ.DUWZ
-40.201696 176.101365 372.00 NZ.DVHS
-45.231053 169.308253 745.00 NZ.EAZ
-41.291967 174.896850 268.05 NZ.EBFS
-37.688830 178.548160 622.00 NZ.ECLS
-40.649495 175.708828 315.00 NZ.EKTS
-39.135700 175.710600 679.00 NZ.ETVZ
-40.213536 175.573048 264.00 NZ.FAHS
-44.100117 170.828660 301.00 NZ.FDCS
-43.463208 170.019803 271.00 NZ.FGPS
-41.287948 174.778764 323.00 NZ.FKPS
-41.118705 175.327442 294.00 NZ.FTPS
-39.254945 175.552952 657.00 NZ.FWVZ
-40.461360 175.226033 258.00 NZ.FXBS
-43.586183 172.088753 457.00 NZ.GDLC
-38.641780 178.017720 275.00 NZ.GHHS
-38.666489 178.022674 162.00 NZ.GISS
-38.682170 178.031880 576.00 NZ.GKBS
-44.864410 168.406460 397.00 NZ.GLNS
-41.857286 173.821829 622.00 NZ.GLOS
-42.595348 172.510542 334.00 NZ.GLWS
-42.457849 171.204300 215.00 NZ.GMFS
-43.578400 172.769260 681.00 NZ.GODS
-46.102656 168.940961 265.00 NZ.GORS
-43.652421 172.635725 479.00 NZ.GOVS
-38.664511 178.025314 218.35 NZ.GRAS
-36.250200 175.457800 677.00 NZ.GRZ
-42.967365 173.034750 714.00 NZ.GVZ
-38.625678 177.921583 156.00 NZ.GWTS
-43.590880 172.569503 182.00 NZ.HALS
-41.272270 173.784670 675.00 NZ.HAVS
-37.756100 177.782600 600.00 NZ.HAZ
-37.785638 175.295136 182.00 NZ.HBHS
-39.493442 176.916878 369.85 NZ.HBRB
-41.139900 175.035900 500.00 NZ.HIBS
-38.512929 174.855686 800.00 NZ.HIZ
-39.671005 176.880110 256.00 NZ.HNPS
-40.621644 175.279423 250.00 NZ.HOCS
-43.539636 171.959908 531.00 NZ.HORC
-42.523242 172.830494 280.00 NZ.HSES
-41.151935 174.981477 526.00 NZ.HSSS
-35.365712 174.012961 383.66 NZ.HTPZ
-39.260510 174.568100 270.00 NZ.HUKS
-43.579370 172.657230 680.00 NZ.HUNS
-43.579787 172.709423 348.00 NZ.HVSC
-46.411594 168.346923 255.00 NZ.ICCS
-42.726744 171.472835 284.00 NZ.IFPS
-41.857124 171.952546 334.00 NZ.INGS
-39.155910 174.190760 317.00 NZ.INHS
-41.233517 174.921116 630.00 NZ.INSS
-42.724500 171.444100 1500.00 NZ.INZ
-35.533871 174.391294 348.46 NZ.JBLZ
-44.073210 168.785473 1500.00 NZ.JCZ
-43.518165 172.731842 217.89 NZ.JSCB
-38.083515 176.709290 220.00 NZ.KAFS
-36.822298 174.703661 1000.00 NZ.KAPS
-41.249420 172.116451 214.00 NZ.KARS
-41.955690 173.981410 622.00 NZ.KEKS
-39.433371 176.466962 760.00 NZ.KFHS
-39.294200 174.014500 636.00 NZ.KHEZ
-40.557040 172.611890 622.00 NZ.KHLS
-42.415980 173.538970 600.00 NZ.KHZ
-42.425812 173.682125 800.00 NZ.KIKS
-41.076702 175.229323 329.00 NZ.KIRS
-41.673092 172.874958 323.00 NZ.KLDS
-39.021755 177.673669 800.00 NZ.KNZ
-43.321460 171.854850 244.00 NZ.KOWC
-43.376463 172.663768 257.00 NZ.KPOC
-38.801994 175.792935 429.42 NZ.KPRZ
-36.745229 175.720873 673.00 NZ.KUZ
-44.385553 170.184420 1000.00 NZ.LBZ
-41.196646 174.892316 626.00 NZ.LHBS
-41.211686 174.903336 222.00 NZ.LHES
-41.204736 174.893186 622.00 NZ.LHRS
-43.623179 172.468004 292.00 NZ.LINC
-41.232310 174.919290 400.00 NZ.LIRS
-42.011570 173.482440 412.00 NZ.LOKS
-43.606292 172.709833 362.00 NZ.LPDS
-43.729390 171.793634 500.00 NZ.LRSC
-41.229430 174.904246 256.00 NZ.LRSS
-42.869520 172.543288 455.00 NZ.LSRC
-42.781667 172.271035 1000.00 NZ.LTZ
-36.885311 174.725981 584.00 NZ.MAGS
-41.428950 172.703700 622.00 NZ.MATS
-41.210858 175.461483 390.00 NZ.MAVS
-39.267913 175.561653 675.00 NZ.MAVZ
-41.799934 172.328031 501.00 NZ.MCAS
-44.230446 169.232938 271.00 NZ.MECS
-43.558490 172.711490 583.00 NZ.MENS
-41.507681 173.944393 402.00 NZ.MGCS
-41.314888 174.818435 274.00 NZ.MISS
-41.288582 174.774443 268.61 NZ.MJCB
-37.104130 175.161170 800.00 NZ.MKAZ
-41.225100 174.697900 750.00 NZ.MKBS
-41.265421 174.705524 480.00 NZ.MKVS
-45.366544 168.118407 1500.00 NZ.MLZ
-37.816978 175.770081 263.00 NZ.MMCS
-39.807780 175.790830 298.00 NZ.MNGS
-35.419509 173.708486 348.46 NZ.MNTZ
-43.637364 172.973808 679.00 NZ.MNZS
-42.088023 173.257401 600.00 NZ.MOLS
-43.539500 172.621400 178.00 NZ.MORS
-45.667802 168.237836 265.00 NZ.MOSS
-41.124690 173.009503 245.00 NZ.MOTS
-43.499810 172.641800 180.00 NZ.MPSS
-43.706082 172.653766 750.00 NZ.MQZ
-40.660545 175.578527 800.00 NZ.MRZ
-43.704588 171.402269 500.00 NZ.MSMC
-44.673334 167.926399 1500.00 NZ.MSZ
-43.563194 171.666362 399.00 NZ.MTHS
-38.852300 176.841100 625.00 NZ.MTHZ
-43.584650 172.725828 763.00 NZ.MTPS
-39.406938 175.752648 679.00 NZ.MWDS
-37.859141 176.668880 622.00 NZ.MWFS
-38.334001 177.527779 800.00 NZ.MWZ
-37.562259 178.306631 1000.00 NZ.MXZ
-39.468735 176.872021 243.00 NZ.NAAS
-43.507003 172.731428 189.00 NZ.NBLC
-41.202178 174.953664 190.00 NZ.NBSS
-41.270874 173.283675 335.00 NZ.NCBS
-39.500148 176.875885 176.00 NZ.NCDS
-39.506634 176.896758 230.00 NZ.NCHS
-41.287804 173.274245 550.00 NZ.NELS
-41.232040 174.821780 1000.00 NZ.NEWS
-39.485873 176.914928 440.00 NZ.NGHS
-41.266524 173.276835 350.00 NZ.NLMS
-41.276130 173.287896 228.01 NZ.NMIB
-43.495426 172.717998 204.00 NZ.NNBS
-41.217103 173.379477 1000.00 NZ.NNZ
-39.062428 174.073384 495.00 NZ.NPCS
-43.997860 168.660873 215.00 NZ.NSBS
-39.489643 176.915928 600.00 NZ.NSPS
-39.098482 175.675973 1000.00 NZ.NTVZ
-41.589066 175.233959 600.00 NZ.NWFS
-38.845836 176.047509 455.78 NZ.OAHZ
-45.099745 170.969136 215.00 NZ.OAMS
-45.043982 170.644622 697.00 NZ.ODZ
-43.444600 172.660500 195.00 NZ.OHSS
-38.014135 177.289217 215.00 NZ.OPCS
-37.844300 176.554929 625.00 NZ.OPRZ
-39.450020 173.855020 287.00 NZ.OPSS
-43.556190 172.664290 179.00 NZ.OPWS
-45.884356 170.597767 1500.00 NZ.OPZ
-39.417438 175.412599 317.00 NZ.ORCS
-46.286797 167.765120 1000.00 NZ.ORPS
-40.754876 175.143841 219.00 NZ.OTKS
-35.590240 173.825130 313.95 NZ.OTNZ
-39.163114 175.665074 679.00 NZ.OTVZ
-35.219689 173.596133 1000.00 NZ.OUZ
-43.325900 172.038300 1000.00 NZ.OXZ
-35.534660 174.130228 383.66 NZ.PAKZ
-40.914320 175.004959 260.00 NZ.PAPS
-43.567898 172.750717 750.00 NZ.PARS
-43.923868 171.233957 425.00 NZ.PEEC
-41.138494 174.846096 532.00 NZ.PFAS
-40.302200 176.611751 215.00 NZ.PGFS
-41.224506 174.879436 200.00 NZ.PGMS
-41.252090 174.904297 613.00 NZ.PHHS
-41.267487 174.786068 210.00 NZ.PIPS
-35.775727 174.213053 373.72 NZ.PKAZ
-37.866400 178.080500 604.00 NZ.PKGZ
-40.348949 175.607578 294.00 NZ.PNBS
-40.362850 175.593031 264.00 NZ.PNMS
-40.330270 175.633700 294.00 NZ.PNRS
-41.124950 174.831510 302.00 NZ.POKS
-41.131394 174.839096 275.00 NZ.POLS
-41.272217 174.774644 453.00 NZ.POTS
-43.492846 172.606916 180.00 NZ.PPHS
-43.525813 172.682771 196.00 NZ.PRPC
-35.708875 174.497174 348.46 NZ.PTAZ
-36.975641 174.871872 428.00 NZ.PTHS
-41.222973 174.860302 450.00 NZ.PTOS
-38.071548 178.257209 654.00 NZ.PUZ
-41.224746 174.873917 190.00 NZ.PVCS
-41.127460 174.825860 622.00 NZ.PWES
-40.029679 176.862007 1000.00 NZ.PWZ
-40.030644 176.862145 1000.00 NZ.PXZ
-46.166252 166.680692 1000.00 NZ.PYZ
-41.279626 174.023145 268.00 NZ.QCCS
-40.825522 172.529148 1000.00 NZ.QRZ
-45.032156 168.662886 270.00 NZ.QTPS
-38.866498 175.772176 657.00 NZ.RATZ
-43.557934 172.732650 433.00 NZ.RCBS
-42.119700 171.864383 300.00 NZ.RDCS
-43.521947 172.635146 155.00 NZ.REHS
-43.536172 172.564404 286.00 NZ.RHSC
-43.751461 172.023147 452.00 NZ.RKAC
-45.687603 166.685930 1500.00 NZ.RLNS
-43.592818 172.381093 447.00 NZ.ROLC
-38.135724 176.255191 264.00 NZ.ROTS
-38.438041 176.343755 374.00 NZ.RPCS
-43.714608 171.053865 1000.00 NZ.RPZ
-46.147434 167.472523 278.00 NZ.RRKS
-38.615440 176.980518 1000.00 NZ.RTZ
-43.506740 172.616190 185.00 NZ.SACS
-43.808703 172.252380 200.00 NZ.SBRC
-42.938573 172.921623 275.00 NZ.SCAC
-45.265788 166.951482 1500.00 NZ.SCTS
-41.663840 174.137280 292.00 NZ.SDNS
-41.326447 174.837638 305.00 NZ.SEAS
-41.672290 174.076450 273.00 NZ.SEDS
-41.245987 174.902922 209.00 NZ.SEVS
-43.391152 172.025759 500.00 NZ.SHFC
-43.505337 172.663391 201.00 NZ.SHLC
-42.334576 172.180286 294.00 NZ.SJFS
-45.898626 170.509715 140.00 NZ.SKFS
-43.675130 172.317520 327.00 NZ.SLRC
-43.262160 172.334630 500.00 NZ.SMHS
-43.467529 172.613861 219.00 NZ.SMTC
-41.204326 174.915936 233.00 NZ.SOCS
-41.257460 174.865000 1000.00 NZ.SOMS
-43.336800 171.930080 500.00 NZ.SPRS
-43.513610 172.641120 180.00 NZ.STAS
-43.606541 172.644913 1000.00 NZ.STKS
-41.281275 174.776845 493.74 NZ.STSB
-43.569210 172.756810 604.00 NZ.SUMS
-43.369433 172.495355 546.00 NZ.SWNC
-46.536890 169.138823 800.00 NZ.SYZ
-37.541973 175.692810 263.00 NZ.TACS
-45.416674 167.719111 264.00 NZ.TAFS
-41.180384 174.954772 510.00 NZ.TAIS
-38.372804 178.300779 215.00 NZ.TBAS
-37.702697 176.156675 209.00 NZ.TBCS
-41.210365 174.276328 1000.00 NZ.TCW
-41.263389 174.787386 485.95 NZ.TDFB
-37.633320 178.365372 214.00 NZ.TDHS
-42.214960 172.790190 800.00 NZ.TENS
-41.290588 174.781064 292.00 NZ.TEPS
-41.275427 174.783054 248.00 NZ.TFSS
-39.679955 175.795593 466.00 NZ.THHS
-40.789402 175.092971 258.00 NZ.THOB
-41.762474 172.905218 800.00 NZ.THZ
-38.468911 175.909709 600.00 NZ.TIRS
-44.013314 170.460576 308.00 NZ.TKAS
-38.332806 175.155550 279.00 NZ.TKHS
-38.329400 175.538000 622.00 NZ.TLZ
-46.071840 170.195710 295.00 NZ.TMBS
-41.078084 175.155440 800.00 NZ.TMDS
-37.141000 175.545000 459.00 NZ.TMHS
-39.115610 175.704064 636.00 NZ.TMVZ
-43.822430 172.780840 674.00 NZ.TOKS
-37.730956 175.501847 800.00 NZ.TOZ
-43.549997 172.471954 398.00 NZ.TPLC
-38.686325 176.067470 454.00 NZ.TPPS
-43.566694 172.693308 184.30 NZ.TRAB
-40.671276 175.990997 622.00 NZ.TRMS
-43.570899 172.693310 366.72 NZ.TROB
-41.298700 174.773900 270.00 NZ.TRTS
-39.298816 175.547822 603.00 NZ.TRVZ
-40.849423 172.821101 380.00 NZ.TSFS
-40.058553 175.961124 800.00 NZ.TSZ
-38.986291 175.815036 263.00 NZ.TTHS
-35.339980 174.304150 359.77 NZ.TTTZ
-38.807000 177.150433 327.00 NZ.TUDS
-38.864117 175.248310 590.00 NZ.TUHS
-41.429389 173.942893 1000.00 NZ.TUWZ
-45.953975 169.631143 745.00 NZ.TUZ
-44.254589 170.098339 247.00 NZ.TWAS
-41.126815 175.040938 390.00 NZ.UHCS
-41.126370 175.065090 481.00 NZ.UHSS
-38.259249 177.110894 800.00 NZ.URZ
-39.124341 174.758453 673.00 NZ.VRZ
-41.292335 174.767259 268.61 NZ.VUWB
-41.279854 174.778399 286.00 NZ.VUWS
-38.632464 176.093701 674.00 NZ.WAIS
-42.963103 172.705240 300.00 NZ.WAKC
-39.772728 176.251679 418.00 NZ.WAKS
-41.231220 174.931020 1000.00 NZ.WANS
-39.754644 174.985533 690.00 NZ.WAZ
-41.755661 171.599812 215.00 NZ.WBCS
-40.400881 176.311147 800.00 NZ.WBFS
-35.714958 174.316940 800.00 NZ.WBHS
-39.933638 175.047993 295.00 NZ.WCDS
-43.457750 171.863460 300.00 NZ.WCSS
-35.938642 174.345043 560.00 NZ.WCZ
-41.257397 174.948466 120.00 NZ.WDAS
-41.827399 174.138424 269.00 NZ.WDFS
-40.338219 175.869802 294.00 NZ.WDPS
-41.284048 174.768184 687.00 NZ.WEL
-41.274287 174.779264 265.00 NZ.WEMS
-39.035191 177.420807 155.00 NZ.WFSS
-43.314319 170.326848 271.00 NZ.WHAS
-43.261164 170.359029 235.00 NZ.WHFS
-41.308301 174.779271 383.66 NZ.WHSB
-39.282500 175.588600 675.00 NZ.WHVZ
-45.892428 167.947031 734.00 NZ.WHZ
-42.701187 172.800303 478.00 NZ.WIGC
-37.526516 177.189408 364.00 NZ.WIZ
-37.961453 176.985474 206.00 NZ.WKHS
-44.827021 169.017562 1000.00 NZ.WKZ
-37.819100 178.414900 625.00 NZ.WMGZ
-41.326409 174.809034 229.00 NZ.WNAS
-41.300778 174.775514 493.00 NZ.WNHS
-41.284818 174.742054 369.00 NZ.WNKS
-44.694588 169.142964 345.00 NZ.WNPS
-39.943862 176.584322 298.00 NZ.WPWS
-39.486792 176.893193 207.52 NZ.WQAB
-41.595477 173.586376 622.00 NZ.WRAS
-40.950352 175.647817 500.00 NZ.WRCS
-43.837332 171.611012 500.00 NZ.WSFC
-37.518110 177.177805 1000.00 NZ.WSRZ
-36.932400 174.573400 1000.00 NZ.WTAZ
-42.619455 173.053596 504.00 NZ.WTMC
-41.295430 174.781260 230.00 NZ.WTYS
-41.620232 173.350905 294.00 NZ.WVFS
-43.074350 170.736754 1000.00 NZ.WVZ
